Test 1

6
0 1 10 -1 -1 2
10 0 1 -1 -1 -1
1 10 0 -1 -1 -1
-1 -1 2 0 1 10
-1 -1 -1 10 0 1
2 5


Test 2

4

0 1 -1 -1

-1 0 1 -1

-1 -1 0 1

-1 -1 -1 0

3


Test 3

5

0 1 1 1 1

-1 0 1 -1 -1

1 -1 0 1 -1

-1 -1 -1 0 1

-1 1 -1 -1 0

1 2 3 5



Test 4

3

0 1 10

10 0 1

1 10 0

3


Test 5

3

0 20 10

10 0 1

1 10 0

2


Test 6

6

0 1 10 -1 -1 -1

10 0 1 -1 -1 -1

1 10 0 -1 -1 -1

-1 -1 -1 0 1 10

-1 -1 -1 10 0 1

-1 -1 -1 1 10 0

1

Test 7
7

0 10 10 -1 1 1 -1

10 0 -1 1 1 -1 -1

10 -1 0 -1 -1 1 1

-1 1 -1 0 -1 -1 -1

1 1 -1 -1 0 -1 -1

1 -1 1 -1 -1 0 -1

-1 -1 1 -1 -1 -1 0

6 7

Test 8

7

0 1 1 -1 1 1 -1

1 0 -1 1 1 -1 -1

1 -1 0 -1 -1 1 1

-1 1 -1 0 -1 -1 -1

1 1 -1 -1 0 -1 -1

1 -1 1 -1 -1 0 -1

-1 -1 1 -1 -1 -1 0

1 6 7


Test 9
2

0 -1

-1 0

1

Test 10

2

0 1

1 0

2